297
36
918
38
801
309
56
10
546
157
537
538
481
552
790
989
239
75
71
556
682
335
543
955
278
568
265
731
124
986
813
793
284
985
533
824
409
247
881
479
907
413
255
683
331
206
248
238
562
3
848
67
629
645
23
681
689
69
342
435
751
377
451
235
884
87
536
325
306
995
840
835
226
903
22
9
427
379
67
895
105
397
234
581
20
441
659
236
56
23
835
909
300
41
726
867
869
395
843
344
893
834
851
213
852
191
42
93
921
195
755
478
367
275
591
410
861
741
741
420
740
369
428
962
836
935
809
403
432
895
6
338
340
571
321
542
890
855
960
54
692
651
955
10
961
301
600
630
827
896
432
460
628
371
492
785
369
546
887
310
400
201
222
595
78
438
392
454
352
540
418
186
480
375
329
55
675
393
949
296
99
798
921
290
213
647
948
702
254
785
945
436
197
426
608
165