46
17
31
53
99
29
46
1
26
53
84
39
41
75
56
62
7
20
76
42
94
11
40
100
51
93
93
83
43
37
42
94
82
94
34
37
95
59
72
32
2
46
41
92
100
51
77
33
64
100
53
95
11
100
49
75
78
99
85
55
96
99
66
8
56
34
85
67
3
18
83
82
67
58
85
80
75
30
38
29
10
88
27
81
98
87
93
18
36
77
56
12
32
82
57
50
10
27
11
92
7
18
54
55
49
3
56
91
49
40
67
78
19
81
90
3
82
38
37
80
79
49
78
51
65
68
6
68
52
83
95
37
39
14
47
54
31
31
93
45
68
63
26
88
72
70
86
80
38
95
85
41
82
39
87
35
18
37
8
22
84
85
46
75
18
62
28
30
41
7
14
61
61
10
30
92
61
39
59
12
52
47
59
4
56
43
14
33
14
50
51
55
23
51
4
49
44
65
48
22
56
87
20
78
52
13
83
92
78
99
53
96
13
56
94
23
1
48
40
91
25
63
63
26
69
34
25
62
87
69
33
10
79
8
78
27
88
39
96
28
39
5
1
48
2
95
33
48
43
82
82
32
90
41
73
66
2
63
49
18
72
60
96
29
63
61
5
80
36
27
45
99
50
59
57
56
5
78
10
49
38
38
40
58
81
62
39
53
75
83
34
2
70
18
78
51
23
59
84
70
94
95
55
14
13
79
78
36
9
83
72
89
95
47
73
34
98
20
93
85
20
80
10
1
47
80
50
86
7
84
54
56
41
72
19
31
23
70
80
71
71
23
76
18
13
91
57
58
54
14
38
10
85
90
5
65
60
8
7
24
32
61
7
6
50
12
68
53
6
79
93
84
63
63
80
49
80
61
54
26
73
43
48
55
12
79
17
1
59
65
71
75
1
26
69
9
78
44
11
17
70
4
10
76
5
75
21
27
16
42
7
40
44
58
12
73
28
74
87
88
5
30
44
20
25
22
82
73
14
13
29
75
56
83
30
56
2
1
99
54
20
99
2
40
99
67
32
75
38
69
48
98
58
68
49
7
78
34
8
76
74
58
44
70
57
6
14
81
28
33
67
27
21
1
47
19
100
74
36
3
94
31
62
6
41
43
71
98
23
2
59
12
55
55
58
11
22
95
41
23
25
44
1
65
47
80
95
47
19
66
66
9
59
1
90
98
29
47
91
70
45
80
21
70
22
89
80
83
97
25
81
7
29
19
56
83
21
97
87
16
15
38
71
72
64
82
69
59
55
65
81
9
76
87
20
10
68
36
94
23
78
7
60
86
50
30
31
9
91
31
98
33
39
68
64
47
74
43
17
17
39
82
85
86
12
45
89
24
55
94
79
10
84
18
58
60
53
100
33
33
86
47
46
89
90
55
84
57
69
39
49
93
47
80
94
33
24
58
80
24
17
58
57
31
43
9
76
50
14
51
45
59
52
95
91
93
49
43
18
57
88
99
97
33
2
61
54
5
50
10
55
58
5
36
12
77
46
39
10
17
83
28
12
10
47
63
32
6
3
90
14
5
10
49
15
18
49
34
98
90
27
55
23
2
98
81
45
59
74
57
50
11
96
64
39
89
14
44
58
12
77
16
6
33
59
60
64
23
85
44
2
89
57
73
35
85
73
43
1
82
71
3
56
32
56
64
88
9
73
38
79
12
8
65
74
57
27
75
21
45
31
91
32
85
70
42
33
65
81
82
46
97
26
17
25
70
80
6
99
47
16
77
25
48
96
67
54
84
20
23
25
85
49
64
13
84
40
74
95
68
41
56
60
39
94
56
20
4
20
17
11
15
66
33
26
16
65
36
88
90
36
29
68
30
72
35
98
67
100
51
89
15
81
76
7
27
23
13
74
100
48
82
77
6
76
56
60
55
82
13
47
26
85
77
21
61
64
20
37
41
70
47
62
77
62
73
62
84
39
71
66
29
49
59
20
11
19
30
2
91
45
73
4
11
61
90
33
37
40
65
8
59
89
18
86
17
96
10
97
50
31
63
97
33
82
79
97
67
83
99
92
1
43
95
42
80
88
64
50
36
31
57
23
62
97
90
44
19
54
18
80
90
98
98
26
68
69
99
27
82
16
94
87
21
27
59
15
82
68
13
60
7
6
31
78
53
24
28
86
100
44
74
17
12
86
50
38
42
7
65
62
28
92
6
99
36
97
81
73
55
6
50
28
21
55
29
31
33
55
89
80
42
42
13
54
30
8
25
78
29
59
77
95
58
86
47
77
100
27
15
55
63
93
51
91
37
5
7
30
46
17
31
53
99
29
46
1
26
53
84
39
41
75
56
62
7
20
76
42
94
11
40
100
51
93
93
83
43
37
42
94
82
94
34
37
95
59
72
32
2
46
41
92
100
51
77
33
64
100
53
95
11
100
49
75
78
99
85
55
96
99
66
8
56
34
85
67
3
18
83
82
67
58
85
80
75
30
38
29
10
88
27
81
98
87
93
18
36
77
56
12
32
82
57
50
10
27
11
92
7
18
54
55
49
3
56
91
49
40
67
78
19
81
90
3
82
38
37
80
79
49
78
51
65
68
6
68
52
83
95
37
39
14
47
54
31
31
93
45
68
63
26
88
72
70
86
80
38
95
85
41
82
39
87
35
18
37
8
22
84
85
46
75
18
62
28
30
41
7
14
61
61
10
30
92
61
39
59
12
52
47
59
4
56
43
14
33
14
50
51
55
23
51
4
49
44
65
48
22
56
87
20
78
52
13
83
92
78
99
53
96
13
56
94
23
1
48
40
91
25
63
63
26
69
34
25
62
87
69
33
10
79
8
78
27
88
39
96
28
39
5
1
48
2
95
33
48
43
82
82
32
90
41
73
66
2
63
49
18
72
60
96
29
63
61
5
80
36
27
45
99
50
59
57
56
5
78
10
49
38
38
40
58
81
62
39
53
75
83
34
2
70
18
78
51
23
59
84
70
94
95
55
14
13
79
78
36
9
83
72
89
95
47
73
34
98
20
93
85
20
80
10
1
47
80
50
86
7
84
54
56
41
72
19
31
23
70
80
71
71
23
76
18
13
91
57
58
54
14
38
10
85
90
5
65
60
8
7
24
32
61
7
6
50
12
68
53
6
79
93
84
63
63
80
49
80
61
54
26
73
43
48
55
12
79
17
1
59
65
71
75
1
26
69
9
78
44
11
17
70
4
10
76
5
75
21
27
16
42
7
40
44
58
12
73
28
74
87
88
5
30
44
20
25
22
82
73
14
13
29
75
56
83
30
56
2
1
99
54
20
99
2
40
99
67
32
75
38
69
48
98
58
68
49
7
78
34
8
76
74
58
44
70
57
6
14
81
28
33
67
27
21
1
47
19
100
74
36
3
94
31
62
6
41
43
71
98
23
2
59
12
55
55
58
11
22
95
41
23
25
44
1
65
47
80
95
47
19
66
66
9
59
1
90
98
29
47
91
70
45
80
21
70
22
89
80
83
97
25
81
7
29
19
56
83
21
97
87
16
15
38
71
72
64
82
69
59
55
65
81
9
76
87
20
10
68
36
94
23
78
7
60
86
50
30
31
9
91
31
98
33
39
68
64
47
74
43
17
17
39
82
85
86
12
45
89
24
55
94
79
10
84
18
58
60
53
100
33
33
86
47
46
89
90
55
84
57
69
39
49
93
47
80
94
33
24
58
80
24
17
58
57
31
43
9
76
50
14
51
45
59
52
95
91
93
49
43
18
57
88
99
97
33
2
61
54
5
50
10
55
58
5
36
12
77
46
39
10
17
83
28
12
10
47
63
32
6
3
90
14
5
10
49
15
18
49
34
98
90
27
55
23
2
98
81
45
59
74
57
50
11
96
64
39
89
14
44
58
12
77
16
6
33
59
60
64
23
85
44
2
89
57
73
35
85
73
43
1
82
71
3
56
32
56
64
88
9
73
38
79
12
8
65
74
57
27
75
21
45
31
91
32
85
70
42
33
65
81
82
46
97
26
17
25
70
80
6
99
47
16
77
25
48
96
67
54
84
20
23
25
85
49
64
13
84
40
74
95
68
41
56
60
39
94
56
20
4
20
17
11
15
66
33
26
16
65
36
88
90
36
29
68
30
72
35
98
67
100
51
89
15
81
76
7
27
23
13
74
100
48
82
77
6
76
56
60
55
82
13
47
26
85
77
21
61
64
20
37
41
70
47
62
77
62
73
62
84
39
71
66
29
49
59
20
11
19
30
2
91
45
73
4
11
61
90
33
37
40
65
8
59
89
18
86
17
96
10
97
50
31
63
97
33
82
79
97
67
83
99
92
1
43
95
42
80
88
64
50
36
31
57
23
62
97
90
44
19
54
18
80
90
98
98
26
68
69
99
27
82
16
94
87
21
27
59
15
82
68
13
60
7
6
31
78
53
24
28
86
100
44
74
17
12
86
50
38
42
7
65
62
28
92
6
99
36
97
81
73
55
6
50
28
21
55
29
31
33
55
89
80
42
42
13
54
30
8
25
78
29
59
77
95
58
86
47
77
100
27
15
55
63
93
51
91
37
5
7
30
46
17
31
53
99
29
46
1
26
53
84
39
41
75
56
62
7
20
76
42
94
11
40
100
51
93
93
83
43
37
42
94
82
94
34
37
95
59
72
32
2
46
41
92
100
51
77
33
64
100
53
95
11
100
49
75
78
99
85
55
96
99
66
8
56
34
85
67
3
18
83
82
67
58
85
80
75
30
38
29
10
88
27
81
98
87
93
18
36
77
56
12
32
82
57
50
10
27
11
92
7
18
54
55
49
3
56
91
49
40
67
78
19
81
90
3
82
38
37
80
79
49
78
51
65
68
6
68
52
83
95
37
39
14
47
54
31
31
93
45
68
63
26
88
72
70
86
80
38
95
85
41
82
39
87
35
18
37
8
22
84
85
46
75
18
62
28
30
41
7
14
61
61
10
30
92
61
39
59
12
52
47
59
4
56
43
14
33
14
50
51
55
23
51
4
49
44
65
48
22
56
87
20
78
52
13
83
92
78
99
53
96
13
56
94
23
1
48
40
91
25
63
63
26
69
34
25
62
87
69
33
10
79
8
78
27
88
39
96
28
39
5
1
48
2
95
33
48
43
82
82
32
90
41
73
66
2
63
49
18
72
60
96
29
63
61
5
80
36
27
45
99
50
59
57
56
5
78
10
49
38
38
40
58
81
62
39
53
75
83
34
2
70
18
78
51
23
59
84
70
94
95
55
14
13
79
78
36
9
83
72
89
95
47
73
34
98
20
93
85
20
80
10
1
47
80
50
86
7
84
54
56
41
72
19
31
23
70
80
71
71
23
76
18
13
91
57
58
54
14
38
10
85
90
5
65
60
8
7
24
32
61
7
6
50
12
68
53
6
79
93
84
63
63
80
49
80
61
54
26
73
43
48
55
12
79
17
1
59
65
71
75
1
26
69
9
78
44
11
17
70
4
10
76
5
75
21
27
16
42
7
40
44
58
12
73
28
74
87
88
5
30
44
20
25
22
82
73
14
13
29
75
56
83
30
56
2
1
99
54
20
99
2
40
99
67
32
75
38
69
48
98
58
68
49
7
78
34
8
76
74
58
44
70
57
6
14
81
28
33
67
27
21
1
47
19
100
74
36
3
94
31
62
6
41
43
71
98
23
2
59
12
55
55
58
11
22
95
41
23
25
44
1
65
47
80
95
47
19
66
66
9
59
1
90
98
29
47
91
70
45
80
21
70
22
89
80
83
97
25
81
7
29
19
56
83
21
97
87
16
15
38
71
72
64
82
69
59
55
65
81
9
76
87
20
10
68
36
94
23
78
7
60
86
50
30
31
9
91
31
98
33
39
68
64
47
74
43
17
17
39
82
85
86
12
45
89
24
55
94
79
10
84
18
58
60
53
100
33
33
86
47
46
89
90
55
84
57
69
39
49
93
47
80
94
33
24
58
80
24
17
58
57
31
43
9
76
50
14
51
45
59
52
95
91
93
49
43
18
57
88
99
97
33
2
61
54
5
50
10
55
58
5
36
12
77
46
39
10
17
83
28
12
10
47
63
32
6
3
90
14
5
10
49
15
18
49
34
98
90
27
55
23
2
98
81
45
59
74
57
50
11
96
64
39
89
14
44
58
12
77
16
6
33
59
60
64
23
85
44
2
89
57
73
35
85
73
43
1
82
71
3
56
32
56
64
88
9
73
38
79
12
8
65
74
57
27
75
21
45
31
91
32
85
70
42
33
65
81
82
46
97
26
17
25
70
80
6
99
47
16
77
25
48
96
67
54
84
20
23
25
85
49
64
13
84
40
74
95
68
41
56
60
39
94
56
20
4
20
17
11
15
66
33
26
16
65
36
88
90
36
29
68
30
72
35
98
67
100
51
89
15
81
76
7
27
23
13
74
100
48
82
77
6
76
56
60
55
82
13
47
26
85
77
21
61
64
20
37
41
70
47
62
77
62
73
62
84
39
71
66
29
49
59
20
11
19
30
2
91
45
73
4
11
61
90
33
37
40
65
8
59
89
18
86
17
96
10
97
50
31
63
97
33
82
79
97
67
83
99
92
1
43
95
42
80
88
64
50
36
31
57
23
62
97
90
44
19
54
18
80
90
98
98
26
68
69
99
27
82
16
94
87
21
27
59
15
82
68
13
60
7
6
31
78
53
24
28
86
100
44
74
17
12
86
50
38
42
7
65
62
28
92
6
99
36
97
81
73
55
6
50
28
21
55
29
31
33
55
89
80
42
42
13
54
30
8
25
78
29
59
77
95
58
86
47
77
100
27
15
55
63
93
51
91
37
5
7
30