    677
    884
    987
    458
    131
    663
    87
    191
    862
    372
    90
    556
    340
    658
    583
    271
    216
    267
    430
    288
    169
    782
    841
    953
    747
    459
    671
    68
    768
    360
    978
    461
    476
    473
    477
    180
    911
    942
    783
    705
    533
    195
    219
    791
    252
    475
    931
    944
    47
    573
    951
    868
    685
    639
    103
    749
    587
    580
    144
    837
    949
    3
    500
    230
    752
    158
877               
260
164
776
304
293
497   
557
510
762
631
2
499
787
876
498
240
99
739
238
866
711
555
241
190
682
924
37
684
447
817
848
49
184







