359
572
305
293
912
182
220
381
787
850
994
184
31
118
157
757
219
890
392
962
435
271
753
58
888
459
226
-1.204.000,281
602
979
530
83
786
388
172
398
446
363
194
349
705
823
352
747
269
617
188
136
679
616
80
692
452
148
448
799
756
431
487
851
853
454
522
6
636
498
28
324
774
624
728
720
488
541
323
222
314
244
173
455
99
443
330
421
163
400
742
736
418
434
62
19
560
313
915
332
98
845
245
64
536
10
358
932
166
860
660
887
302
183
949
528
587
926
265
844
730
825
494
210
267
85
952
925
223
131
785
57
846
189
762
197
132
815
867
901
456
524
77
812
325
781
119
531
990
268
784
195
211
809
927
150
75
170
911
342
708
442
426
461
986
5
882
513
13
746
106
304
63
752
351
436
94
409
819
40
179
134
29
217
963
103
958
648
72
754
658
989
768
902
924
37
69
610
171
644
875
251
295
790
14
700
628
916
970
865
545
22
174
796
104
433
168
112
941
111
59
877
144
159
121
464
969
744
832
394
635
698
334
364
886
279
405
415
795
420
699
117
41
710
285
731
771
684
594
725
783
441
715
339
581
923
833
764
641
580
164
322
149
308
419
675
688
837
413
156
763
976
26
549
726
827
739
657
331
985
25
237
800
613
207
362
389
862
402
653
290
113
936
383
740
486
769
606
212
810
110
390
303
242
663
235
981
78
842
335
828
578
87
573
595
543
826
838
73
48
45
539
202
575
429
3
124
414
686
696
309
793
160
972
554
998
953
733
432
53
873
280
836
489
356
328
55
365
574
665
652
92
678
623
804
859
518
61
966
871
97
200
469
249
128
523
672
252
766
445
775
637
428
306
1
770
16
611
277
338
798
95
670
407
864
154
283
866
831
878
596
227
161
490
629
24
439
260
527
935
802
959
971
703
777
662
551
557
484
841
592
288
680
782
247
126
683
225
470
597
931
450
542
109
903
516
378
806
228
162
298
712
146
231
600
905
196
951
278
275
577
396
79
579
564
973
493
571
885
167
955
276
993
547
591
840
502
354
348
460
-633
318
120
588
849
999
286
345
230
366
852
151
748
440
369
519
478
158
333
559
115
417
185
942
36
416
38
387
307
397
750
15
947
797
977
198
187
566
505
-0,1